G1 = Create(G1,[mark 71],[Tran [0,15,6][4,15,14][5,17,4][6,17,5][6,13,7][7
     ,15,17][14,15,24][17,15,27][24,13,25][25,15,35][26,17,25][27,17,26][3
     5,15,45][44,15,54][45,17,44][54,15,64][64,15,71]])  (72,17)

G2 = Create(G2,[mark 71],[Tran [0,25,7][7,25,17][17,25,27][27,23,28][28,23
     ,29][29,25,39][39,25,49][47,25,57][48,27,47][49,27,48][49,23,50][50,2
     5,60][57,25,67][60,25,70][67,23,68][68,25,71][69,27,68][70,27,69]])  
     (72,18)

H1 = Create(H1,[mark 171],[Tran [0,101,67][67,101,57][57,101,47][47,101,37
     ][37,101,27][27,107,26][26,108,126][126,103,127][127,105,137][137,105
     ,147][147,105,157][157,105,167][167,105,171]])  (172,13)

G = Sync(G1,G2)  (306,612)

PLANT = Sync(G,H1)  (4284,12546)

Eobject = Create(Eobject,[mark 1],[Tran [0,108,1]])  (2,1)

E12 = Mutex(G1,G2,[[1,1],[2,2],[3,3],[4,4],[5,5],[6,6],[7,7],[8,8],[9,9],[
      10,10],[11,11],[12,12],[13,13],[14,14],[15,15],[16,16],[17,17],[18,1
      8],[19,19],[20,20],[21,21],[22,22],[23,23],[24,24],[25,25],[26,26],[
      27,27],[28,28],[29,29],[30,30],[31,31],[32,32],[33,33],[34,34],[35,3
      5],[36,36],[37,37],[38,38],[39,39],[40,40],[41,41],[42,42],[43,43],[
      44,44],[45,45],[46,46],[47,47],[48,48],[49,49],[50,50],[51,51],[52,5
      2],[53,53],[54,54],[55,55],[56,56],[57,57],[58,58],[59,59],[60,60],[
      61,61],[62,62],[63,63],[64,64],[65,65],[66,66],[67,67],[68,68],[69,6
      9],[70,70]])  (303,600)

E1H = Mutex(G1,H1,[[1,1],[2,2],[3,3],[4,4],[5,5],[6,6],[7,7],[8,8],[9,9],[
      10,10],[11,11],[12,12],[13,13],[14,14],[15,15],[16,16],[17,17],[18,1
      8],[19,19],[20,20],[21,21],[22,22],[23,23],[24,24],[25,25],[26,26],[
      27,27],[28,28],[29,29],[30,30],[31,31],[32,32],[33,33],[34,34],[35,3
      5],[36,36],[37,37],[38,38],[39,39],[40,40],[41,41],[42,42],[43,43],[
      44,44],[45,45],[46,46],[47,47],[48,48],[49,49],[50,50],[51,51],[52,5
      2],[53,53],[54,54],[55,55],[56,56],[57,57],[58,58],[59,59],[60,60],[
      61,61],[62,62],[63,63],[64,64],[65,65],[66,66],[67,67],[68,68],[69,6
      9],[70,70],[1,101],[2,102],[3,103],[4,104],[5,105],[6,106],[7,107],[
      8,108],[9,109],[10,110],[11,111],[12,112],[13,113],[14,114],[15,115]
      ,[16,116],[17,117],[18,118],[19,119],[20,120],[21,121],[22,122],[23,
      123],[24,124],[25,125],[26,126],[27,127],[28,128],[29,129],[30,130],
      [31,131],[32,132],[33,133],[34,134],[35,135],[36,136],[37,137],[38,1
      38],[39,139],[40,140],[41,141],[42,142],[43,143],[44,144],[45,145],[
      46,146],[47,147],[48,148],[49,149],[50,150],[51,151],[52,152],[53,15
      3],[54,154],[55,155],[56,156],[57,157],[58,158],[59,159],[60,160],[6
      1,161],[62,162],[63,163],[64,164],[65,165],[66,166],[67,167],[68,168
      ],[69,169],[70,170],[14,24],[14,124],[25,24],[25,124],[34,24],[34,12
      4],[23,24],[23,124],[15,25],[15,125],[26,25],[26,125],[35,25],[35,12
      5],[24,25],[24,125],[16,26],[16,126],[27,26],[27,126],[36,26],[36,12
      6],[25,26],[25,126],[17,27],[17,127],[28,27],[28,127],[37,27],[37,12
      7],[26,27],[26,127],[24,34],[24,134],[35,34],[35,134],[44,34],[44,13
      4],[33,34],[33,134],[27,37],[27,137],[38,37],[38,137],[47,37],[47,13
      7],[36,37],[36,137],[34,44],[34,144],[45,44],[45,144],[54,44],[54,14
      4],[43,44],[43,144],[37,47],[37,147],[48,47],[48,147],[57,47],[57,14
      7],[46,47],[46,147],[44,54],[44,154],[55,54],[55,154],[64,54],[64,15
      4],[53,54],[53,154],[47,57],[47,157],[58,57],[58,157],[67,57],[67,15
      7],[56,57],[56,157],[54,64],[54,164],[65,64],[65,164],[63,64],[63,16
      4],[55,65],[55,165],[66,65],[66,165],[64,65],[64,165],[56,66],[56,16
      6],[67,66],[67,166],[65,66],[65,166],[57,67],[57,167],[68,67],[68,16
      7],[66,67],[66,167]])  (223,416)

E2H = Mutex(G2,H1,[[1,1],[2,2],[3,3],[4,4],[5,5],[6,6],[7,7],[8,8],[9,9],[
      10,10],[11,11],[12,12],[13,13],[14,14],[15,15],[16,16],[17,17],[18,1
      8],[19,19],[20,20],[21,21],[22,22],[23,23],[24,24],[25,25],[26,26],[
      27,27],[28,28],[29,29],[30,30],[31,31],[32,32],[33,33],[34,34],[35,3
      5],[36,36],[37,37],[38,38],[39,39],[40,40],[41,41],[42,42],[43,43],[
      44,44],[45,45],[46,46],[47,47],[48,48],[49,49],[50,50],[51,51],[52,5
      2],[53,53],[54,54],[55,55],[56,56],[57,57],[58,58],[59,59],[60,60],[
      61,61],[62,62],[63,63],[64,64],[65,65],[66,66],[67,67],[68,68],[69,6
      9],[70,70],[1,101],[2,102],[3,103],[4,104],[5,105],[6,106],[7,107],[
      8,108],[9,109],[10,110],[11,111],[12,112],[13,113],[14,114],[15,115]
      ,[16,116],[17,117],[18,118],[19,119],[20,120],[21,121],[22,122],[23,
      123],[24,124],[25,125],[26,126],[27,127],[28,128],[29,129],[30,130],
      [31,131],[32,132],[33,133],[34,134],[35,135],[36,136],[37,137],[38,1
      38],[39,139],[40,140],[41,141],[42,142],[43,143],[44,144],[45,145],[
      46,146],[47,147],[48,148],[49,149],[50,150],[51,151],[52,152],[53,15
      3],[54,154],[55,155],[56,156],[57,157],[58,158],[59,159],[60,160],[6
      1,161],[62,162],[63,163],[64,164],[65,165],[66,166],[67,167],[68,168
      ],[69,169],[70,170],[14,24],[14,124],[25,24],[25,124],[34,24],[34,12
      4],[23,24],[23,124],[15,25],[15,125],[26,25],[26,125],[35,25],[35,12
      5],[24,25],[24,125],[16,26],[16,126],[27,26],[27,126],[36,26],[36,12
      6],[25,26],[25,126],[17,27],[17,127],[28,27],[28,127],[37,27],[37,12
      7],[26,27],[26,127],[24,34],[24,134],[35,34],[35,134],[44,34],[44,13
      4],[33,34],[33,134],[27,37],[27,137],[38,37],[38,137],[47,37],[47,13
      7],[36,37],[36,137],[34,44],[34,144],[45,44],[45,144],[54,44],[54,14
      4],[43,44],[43,144],[37,47],[37,147],[48,47],[48,147],[57,47],[57,14
      7],[46,47],[46,147],[44,54],[44,154],[55,54],[55,154],[64,54],[64,15
      4],[53,54],[53,154],[47,57],[47,157],[58,57],[58,157],[67,57],[67,15
      7],[56,57],[56,157],[54,64],[54,164],[65,64],[65,164],[63,64],[63,16
      4],[55,65],[55,165],[66,65],[66,165],[64,65],[64,165],[56,66],[56,16
      6],[67,66],[67,166],[65,66],[65,166],[57,67],[57,167],[68,67],[68,16
      7],[66,67],[66,167]])  (216,384)

E1object = Mutex(G1,Eobject,[[26,0]])  (33,48)

E2object = Mutex(G2,Eobject,[[26,0]])  (36,54)

E = Sync(E12,E1H,E2H,E1object,E2object)  (3332,8938)

ALLPLANT = Allevents(PLANT)  (1,11)

SPEC = Sync(E,ALLPLANT)  (3332,8938)

SUP = Supcon(PLANT,SPEC)  (3076,8279)

SUPD = Condat(PLANT,SUP)  Controllable

